two threads 2Gi 1cpu default "persistant storage"

Improvement over 609 threadCount: 9%
             id, type       total ops,    op/s,    pk/s,   row/s,    mean,     med,     .95,     .99,    .999,     max,   time,   stderr, errors,  gc: #,  max ms,  sum ms,  sdv ms,      mb
  4 threadCount, WRITE,        156863,     784,     784,     784,     5.0,     1.1,    22.2,    74.1,   108.5,   486.3,  200.0,  0.06010,      0,      0,       0,       0,       0,       0
  4 threadCount, total,        156863,     784,     784,     784,     5.0,     1.1,    22.2,    74.1,   108.5,   486.3,  200.0,  0.06010,      0,      0,       0,       0,       0,       0
  8 threadCount, WRITE,        214245,    1071,    1071,    1071,     7.4,     1.7,    54.2,    79.1,   143.9,   795.3,  200.0,  0.04018,      0,      0,       0,       0,       0,       0
  8 threadCount, total,        214245,    1071,    1071,    1071,     7.4,     1.7,    54.2,    79.1,   143.9,   795.3,  200.0,  0.04018,      0,      0,       0,       0,       0,       0
 16 threadCount, WRITE,        288468,    1441,    1441,    1441,    11.0,     2.8,    64.5,    89.1,   180.9,   762.8,  200.2,  0.02790,      0,      0,       0,       0,       0,       0
 16 threadCount, total,        288468,    1441,    1441,    1441,    11.0,     2.8,    64.5,    89.1,   180.9,   762.8,  200.2,  0.02790,      0,      0,       0,       0,       0,       0
 24 threadCount, WRITE,        300607,    1502,    1502,    1502,    15.9,     4.1,    74.9,   104.6,   304.9,  1212.2,  200.1,  0.03017,      0,      0,       0,       0,       0,       0
 24 threadCount, total,        300607,    1502,    1502,    1502,    15.9,     4.1,    74.9,   104.6,   304.9,  1212.2,  200.1,  0.03017,      0,      0,       0,       0,       0,       0
 36 threadCount, WRITE,        345649,    1728,    1728,    1728,    20.7,     5.5,    84.6,   163.4,   401.1,  1192.2,  200.1,  0.04077,      0,      0,       0,       0,       0,       0
 36 threadCount, total,        345649,    1728,    1728,    1728,    20.7,     5.5,    84.6,   163.4,   401.1,  1192.2,  200.1,  0.04077,      0,      0,       0,       0,       0,       0
 54 threadCount, WRITE,        408588,    2041,    2041,    2041,    26.3,     7.3,    94.8,   191.5,   477.1,   997.7,  200.2,  0.37886,      0,      0,       0,       0,       0,       0
 54 threadCount, total,        408588,    2041,    2041,    2041,    26.3,     7.3,    94.8,   191.5,   477.1,   997.7,  200.2,  0.37886,      0,      0,       0,       0,       0,       0
 81 threadCount, WRITE,        324732,    2772,    2772,    2772,    29.0,     8.4,    98.4,   201.3,   555.7,  1542.5,  117.2,-28.26203,      0,      0,       0,       0,       0,       0
 81 threadCount, total,        324732,    2772,    2772,    2772,    29.0,     8.4,    98.4,   201.3,   555.7,  1542.5,  117.2,-28.26203,      0,      0,       0,       0,       0,       0
121 threadCount, WRITE,        579148,    2895,    2895,    2895,    41.6,    11.9,   159.5,   304.6,   691.0,  1686.1,  200.1,  0.68094,      0,      0,       0,       0,       0,       0
121 threadCount, total,        579148,    2895,    2895,    2895,    41.6,    11.9,   159.5,   304.6,   691.0,  1686.1,  200.1,  0.68094,      0,      0,       0,       0,       0,       0
181 threadCount, WRITE,        735089,    3674,    3674,    3674,    49.1,    14.8,   184.0,   385.9,   724.6,  2480.9,  200.1,  0.69844,      0,      0,       0,       0,       0,       0
181 threadCount, total,        735089,    3674,    3674,    3674,    49.1,    14.8,   184.0,   385.9,   724.6,  2480.9,  200.1,  0.69844,      0,      0,       0,       0,       0,       0
271 threadCount, WRITE,        831100,    4154,    4154,    4154,    65.0,    23.2,   214.8,   490.2,  1077.9,  1695.5,  200.1,  0.26667,      0,      0,       0,       0,       0,       0
271 threadCount, total,        831100,    4154,    4154,    4154,    65.0,    23.2,   214.8,   490.2,  1077.9,  1695.5,  200.1,  0.26667,      0,      0,       0,       0,       0,       0
406 threadCount, WRITE,        953411,    4756,    4756,    4756,    85.0,    63.5,   297.0,   586.7,  1072.7,  1887.4,  200.5,  0.33219,      0,      0,       0,       0,       0,       0
406 threadCount, total,        953411,    4756,    4756,    4756,    85.0,    63.5,   297.0,   586.7,  1072.7,  1887.4,  200.5,  0.33219,      0,      0,       0,       0,       0,       0
609 threadCount, WRITE,        168034,    5191,    5191,    5191,   115.1,    78.3,   389.5,   686.8,  2432.7,  2705.3,   32.4, -2.56450,      0,      0,       0,       0,       0,       0
609 threadCount, total,        168034,    5191,    5191,    5191,   115.1,    78.3,   389.5,   686.8,  2432.7,  2705.3,   32.4, -2.56450,      0,      0,       0,       0,       0,       0
913 threadCount, WRITE,        173133,    5665,    5665,    5665,   155.9,    93.7,   495.5,   896.0,  2386.6,  3028.3,   30.6, -1.15733,      0,      0,       0,       0,       0,       0
913 threadCount, total,        173133,    5665,    5665,    5665,   155.9,    93.7,   495.5,   896.0,  2386.6,  3028.3,   30.6, -1.15733,      0,      0,       0,       0,       0,       0
END

own machine roughly correct schema

             id, type       total ops,    op/s,    pk/s,   row/s,    mean,     med,     .95,     .99,    .999,     max,   time,   stderr, errors,  gc: #,  max ms,  sum ms,  sdv ms,      mb
  4 threadCount, insert,       100000,    7317,    7317,    7317,     0.5,     0.5,     0.8,     1.2,     7.0,    96.9,   13.7,  0.05255,      0,      3,     216,     216,      13,     930
  4 threadCount, total,        100000,    7317,    7317,    7317,     0.5,     0.5,     0.8,     1.2,     7.0,    96.9,   13.7,  0.05255,      0,      3,     216,     216,      13,     930
  8 threadCount, insert,       100000,   12695,   12695,   12695,     0.6,     0.5,     1.0,     1.9,     9.2,    72.8,    7.9,  0.10572,      0,      3,     162,     162,       7,     922
  8 threadCount, total,        100000,   12695,   12695,   12695,     0.6,     0.5,     1.0,     1.9,     9.2,    72.8,    7.9,  0.10572,      0,      3,     162,     162,       7,     922
 16 threadCount, insert,       100000,   20437,   20437,   20437,     0.6,     0.5,     1.0,     1.8,     9.8,    38.7,    4.9,  0.21065,      0,      2,      69,      69,       2,     613
 16 threadCount, total,        100000,   20437,   20437,   20437,     0.6,     0.5,     1.0,     1.8,     9.8,    38.7,    4.9,  0.21065,      0,      2,      69,      69,       2,     613
 24 threadCount, insert,       100000,   25417,   25417,   25417,     0.7,     0.6,     1.2,     2.0,    12.5,    58.5,    3.9,  0.26924,      0,      1,      56,      56,       0,     308
 24 threadCount, total,        100000,   25417,   25417,   25417,     0.7,     0.6,     1.2,     2.0,    12.5,    58.5,    3.9,  0.26924,      0,      1,      56,      56,       0,     308
 36 threadCount, insert,       100000,   37414,   37414,   37414,     0.9,     0.7,     1.8,     4.2,    36.8,    56.6,    2.7,  0.04369,      0,      2,      84,      84,       9,     613
 36 threadCount, total,        100000,   37414,   37414,   37414,     0.9,     0.7,     1.8,     4.2,    36.8,    56.6,    2.7,  0.04369,      0,      2,      84,      84,       9,     613
 54 threadCount, insert,       100000,   36075,   36075,   36075,     1.1,     0.8,     2.3,     5.1,    35.6,    57.3,    2.8,  0.28585,      0,      1,      45,      45,       0,     307
 54 threadCount, total,        100000,   36075,   36075,   36075,     1.1,     0.8,     2.3,     5.1,    35.6,    57.3,    2.8,  0.28585,      0,      1,      45,      45,       0,     307
 81 threadCount, insert,       100000,   35147,   35147,   35147,     1.6,     1.1,     3.6,    10.7,    51.5,    86.1,    2.8,  0.32946,      0,      1,      44,      44,       0,     306
 81 threadCount, total,        100000,   35147,   35147,   35147,     1.6,     1.1,     3.6,    10.7,    51.5,    86.1,    2.8,  0.32946,      0,      1,      44,      44,       0,     306
121 threadCount, insert,       100000,   35689,   35689,   35689,     2.3,     1.4,     7.0,    18.0,    48.4,    59.8,    2.8,  0.36238,      0,      2,      36,      70,       1,     614
121 threadCount, total,        100000,   35689,   35689,   35689,     2.3,     1.4,     7.0,    18.0,    48.4,    59.8,    2.8,  0.36238,      0,      2,      36,      70,       1,     614
END

4 nodes t3.medium

             id, type       total ops,    op/s,    pk/s,   row/s,    mean,     med,     .95,     .99,    .999,     max,   time,   stderr, errors,  gc: #,  max ms,  sum ms,  sdv ms,      mb
	       4 threadCount, insert,        50000,     803,   80347,   80347,     3.6,     2.9,     5.8,    11.8,    53.0,  1292.9,   62.2,  0.06115,      0,      0,       0,       0,       0,       0
	         4 threadCount, total,         50000,     803,   80347,   80347,     3.6,     2.9,     5.8,    11.8,    53.0,  1292.9,   62.2,  0.06115,      0,      0,       0,       0,       0,       0
		   8 threadCount, insert,        50000,     964,   96402,   96402,     5.9,     4.7,    10.0,    20.0,   106.6,  1921.0,   51.9,  0.04173,      0,      0,       0,       0,       0,       0
		     8 threadCount, total,         50000,     964,   96402,   96402,     5.9,     4.7,    10.0,    20.0,   106.6,  1921.0,   51.9,  0.04173,      0,      0,       0,       0,       0,       0
		      16 threadCount, insert,        50000,    1067,  106692,  106692,    10.2,     8.9,    18.0,    29.4,    86.3,  1273.0,   46.9,  0.02733,      0,      0,       0,       0,       0,       0
		       16 threadCount, total,         50000,    1067,  106692,  106692,    10.2,     8.9,    18.0,    29.4,    86.3,  1273.0,   46.9,  0.02733,      0,      0,       0,       0,       0,       0
		        24 threadCount, insert,        50000,    1064,  106431,  106431,    14.6,    12.6,    28.5,    46.3,   111.3,  2241.9,   47.0,  0.04034,      0,      0,       0,       0,       0,       0
			 24 threadCount, total,         50000,    1064,  106431,  106431,    14.6,    12.6,    28.5,    46.3,   111.3,  2241.9,   47.0,  0.04034,      0,      0,       0,       0,       0,       0
			  36 threadCount, insert,        50000,    1148,  114789,  114789,    24.8,    21.4,    50.1,    75.0,   575.1,  2248.1,   43.6,  0.03937,      0,      0,       0,       0,       0,       0
			   36 threadCount, total,         50000,    1148,  114789,  114789,    24.8,    21.4,    50.1,    75.0,   575.1,  2248.1,   43.6,  0.03937,      0,      0,       0,       0,       0,       0
			    54 threadCount, insert,        50000,    1162,  116209,  116209,    41.1,    35.8,    82.1,   124.2,   974.1,  2137.0,   43.0,  0.05841,      0,      0,       0,       0,       0,       0
			     54 threadCount, total,         50000,    1162,  116209,  116209,    41.1,    35.8,    82.1,   124.2,   974.1,  2137.0,   43.0,  0.05841,      0,      0,       0,       0,       0,       0
			      81 threadCount, insert,        50000,    1205,  120479,  120479,    61.7,    51.9,   135.0,   200.7,  2127.6,  2246.0,   41.5,  0.05392,      0,      0,       0,       0,       0,       0
			       81 threadCount, total,         50000,    1205,  120479,  120479,    61.7,    51.9,   135.0,   200.7,  2127.6,  2246.0,   41.5,  0.05392,      0,      0,       0,       0,       0,       0
			       121 threadCount, insert,        50000,    1153,  115319,  115319,    98.4,    77.6,   212.7,   400.3,  2353.0,  2462.1,   43.4,  0.09523,      0,      0,       0,       0,       0,       0
			       121 threadCount, total,         50000,    1153,  115319,  115319,    98.4,    77.6,   212.7,   400.3,  2353.0,  2462.1,   43.4,  0.09523,      0,      0,       0,       0,       0,       0
			       181 threadCount, insert,        50000,    1167,  116663,  116663,   144.7,   118.3,   303.0,   563.6,  2185.2,  2550.1,   42.9,  0.08143,      0,      0,       0,       0,       0,       0
			       181 threadCount, total,         50000,    1167,  116663,  116663,   144.7,   118.3,   303.0,   563.6,  2185.2,  2550.1,   42.9,  0.08143,      0,      0,       0,       0,       0,       0
			       271 threadCount, insert,        50000,    1188,  118841,  118841,   211.6,   176.0,   437.8,  1127.2,  2451.6,  2571.1,   42.1,  0.12711,      0,      0,       0,       0,       0,       0
			       271 threadCount, total,         50000,    1188,  118841,  118841,   211.6,   176.0,   437.8,  1127.2,  2451.6,  2571.1,   42.1,  0.12711,      0,      0,       0,       0,       0,       0
			       END

15000 reads per second on 5     pattern1
150000 writes per second on 5   pattern1



